   3.0000000e+00  -3.0000000e+00  -2.0000000e+00  -2.0000000e+00   2.0000000e+00
   4.0000000e+00  -1.0000000e+00   4.0000000e+00   0.0000000e+00  -3.0000000e+00
   3.0000000e+00   2.0000000e+00   0.0000000e+00   2.0000000e+00  -2.0000000e+00
   4.0000000e+00   4.0000000e+00   0.0000000e+00   3.0000000e+00   4.0000000e+00
   2.0000000e+00   4.0000000e+00   3.0000000e+00   4.0000000e+00   2.0000000e+00
   3.0000000e+00   2.0000000e+00   0.0000000e+00   2.0000000e+00  -2.0000000e+00
   5.0318328e+00   5.3170995e+00   5.7951999e+00   5.7546867e+00   5.4983641e+00
   5.2769230e+00   5.9502220e+00   5.1868726e+00   5.2760251e+00   5.9597440e+00
   5.0461714e+00   5.0344461e+00   5.4897644e+00   5.6797027e+00   5.3403857e+00
   5.0971318e+00   5.4387444e+00   5.4455862e+00   5.6550980e+00   5.5852678e+00
   5.8234578e+00   5.3815585e+00   5.6463130e+00   5.1626117e+00   5.2238119e+00
   5.6948286e+00   5.7655168e+00   5.7093648e+00   5.1189977e+00   5.7512671e+00
   5.9620422e-01  -5.6421739e-01  -3.4511320e-01  -3.4754281e-01   3.6374456e-01
   7.5801751e-01  -1.6806096e-01   7.7117761e-01   0.0000000e+00  -5.0337733e-01
   5.9451013e-01   3.9726317e-01   0.0000000e+00   3.5213111e-01  -3.7450478e-01
   7.8475507e-01   7.3546387e-01   0.0000000e+00   5.3049479e-01   7.1616978e-01
   3.4343857e-01   7.4327911e-01   5.3132017e-01   7.7480163e-01   3.8286217e-01
   5.2679373e-01   3.4688998e-01   0.0000000e+00   3.9070149e-01  -3.4774946e-01
   3.0000000e+00   2.0000000e+00   0.0000000e+00   2.0000000e+00  -2.0000000e+00
   9.0000000e+00   4.0000000e+00   0.0000000e+00   4.0000000e+00   4.0000000e+00
